[gd_scene load_steps=4 format=3 uid="uid://b6teodir63qjt"]

[ext_resource type="PackedScene" uid="uid://ctf7jpsbm24a6" path="res://Assets/Meshes/Scene/FruitBush.tscn" id="1_kmi10"]
[ext_resource type="PackedScene" uid="uid://vax4mrugvjtt" path="res://Scenes/Interactive/PickAble/PickAbleFruit.tscn" id="2_016md"]

[sub_resource type="ConvexPolygonShape3D" id="ConvexPolygonShape3D_016md"]
points = PackedVector3Array(-0.00080001354, -0.13465767, -0.020429492, -0.26094276, -0.04645834, -0.21681473, 0.04684633, -0.05101323, -0.3424152, 0.3039918, -0.08372566, -0.04761082, 0.14616978, -0.08921224, 0.29804528, -0.24709329, -0.060744144, 0.15658903, -0.4720956, 0.1338741, -0.016578794, -0.41049644, 0.16120346, -0.30141667, -0.19210881, 0.1339776, -0.46767592, 0.022144616, 0.17134847, -0.54763436, 0.25458843, 0.081596315, -0.44004154, 0.5057394, 0.09650324, -0.07184756, 0.48806578, 0.024763659, 0.2625963, 0.2141769, 0.090084985, 0.48457724, -0.084827065, 0.102921516, 0.47325176, -0.36398703, 0.19733207, 0.29272228, -0.50568575, 0.40302694, -0.14115998, -0.44822076, 0.4455738, 0.22114474, -0.3502409, 0.403441, -0.413653, -0.11510986, 0.4206254, -0.5735699, 0.13883162, 0.3997143, -0.58625454, 0.4188184, 0.3608942, -0.307759, 0.5501817, 0.303751, 0.15171903, 0.3752029, 0.27517933, 0.43950158, 0.09190875, 0.31348187, 0.57076484, -0.19086856, 0.41772687, 0.5040572, -0.42000502, 0.63812166, 0.07221359, -0.39675033, 0.6682461, -0.22213775, -0.23810148, 0.6795298, 0.38513887, -0.14952686, 0.6670038, -0.4358511, 0.10534483, 0.7356378, -0.46699637, 0.3267297, 0.69174516, -0.3676712, 0.41427082, 0.62901187, 0.031668067, 0.38037062, 0.5229035, 0.337345, 0.18627125, 0.5647257, 0.45343202, -0.019403785, 0.5920551, 0.50269824, -0.22125474, 0.8389511, 0.0666641, -0.06746355, 0.8729058, -0.25328302, -0.03180632, 0.82352656, 0.31695896, 0.21789765, 0.892057, -0.15701577, 0.21376348, 0.7906071, 0.2512707, 0.020697653, 0.9229061, 0.044805765)

[node name="FruitBush" type="StaticBody3D"]
collision_layer = 64
collision_mask = 0

[node name="FruitBush" parent="." instance=ExtResource("1_kmi10")]

[node name="CollisionShape3D" type="CollisionShape3D" parent="."]
shape = SubResource("ConvexPolygonShape3D_016md")

[node name="Fruits" type="Node3D" parent="."]

[node name="PickAbleFruit" parent="Fruits" instance=ExtResource("2_016md")]
transform = Transform3D(1, 0, 0, 0, 0.9026604, 0.43035355, 0, -0.43035355, 0.9026604, 0, 0.5831711, 0.5024143)

[node name="PickAbleFruit2" parent="Fruits" instance=ExtResource("2_016md")]
transform = Transform3D(1, 0, 0, 0, 0.92250437, -0.38598663, 0, 0.38598663, 0.92250437, 0, 0.6256617, -0.5167402)

[node name="PickAbleFruit3" parent="Fruits" instance=ExtResource("2_016md")]
transform = Transform3D(0.91042393, -0.37340945, -0.17802718, 0.41367656, 0.8218037, 0.3918042, 0, -0.43035355, 0.9026604, 0.4555242, 0.5041204, 0.05739206)

[node name="PickAbleFruit8" parent="Fruits" instance=ExtResource("2_016md")]
transform = Transform3D(0.91042393, -0.37340945, -0.17802718, 0.41367656, 0.8218037, 0.3918042, 0, -0.43035355, 0.9026604, 0.2784922, 0.74725777, 0.16876704)

[node name="PickAbleFruit4" parent="Fruits" instance=ExtResource("2_016md")]
transform = Transform3D(0.63411, 0.6979757, 0.33276778, -0.61864215, 0.71612084, -0.32319194, -0.46388212, -0.0009250343, 0.8858966, -0.37247968, 0.7142848, 0.042677253)

[node name="PickAbleFruit5" parent="Fruits" instance=ExtResource("2_016md")]
transform = Transform3D(0.88330925, -0.076860875, 0.46244717, -0.41852552, 0.31510893, 0.8517882, -0.21119022, -0.9459379, 0.24617076, -6.735325e-06, 0.86354804, 0.18544745)

[node name="PickAbleFruit6" parent="Fruits" instance=ExtResource("2_016md")]
transform = Transform3D(0.6341099, 0.69797564, 0.33276775, -0.22871858, 0.58040315, -0.7815497, -0.73864233, 0.41947827, 0.52767956, 0.14060408, 0.82801086, -0.30611974)

[node name="PickAbleFruit7" parent="Fruits" instance=ExtResource("2_016md")]
transform = Transform3D(0.6088757, 0.07925441, 0.7892967, 0.1181234, 0.9748452, -0.18900785, -0.7844218, 0.20831653, 0.5841977, -0.41420925, 0.5312602, -0.30611974)
